cam_model: Pinhole
scale: 1.0
cam_width: 760
cam_height: 1008
# cam_fx: 298.007692446418493
# cam_fy: 298.0083768857033016
# cam_cx: 384.1624203288754
# cam_cy: 496.50757600236034
cam_fx: 297.78007692446418493
cam_fy: 297.780083768857033016
cam_cx: 384.1584624203288754
cam_cy: 495.5281757600236034
cam_d0: 0
cam_d1: 0
cam_d2: 0
cam_d3: 0
